 1             1            -14687.00     -5048.00      6.00          -0.01         -1200.00      780800.00
 2             1            20.00         -20.00        20.00         20.00         -20.00        20.00
 3             1            1.00          -1.00         1.00          1.00          -1.00         1.00
 4             1            500.00        500.00        -500.00       500.00        -500.00       500.00
 5             1            0.00          0.00          0.00          0.00          0.00          0.00
 6             1            0.00          0.00          0.00          0.00          0.00          0.00
 7             1            0.00          0.00          0.00          0.00          0.00          0.00
 8             1            0.00          0.00          0.00          0.00          0.00          0.00
 9             1            0.00          0.00          0.00          0.00          0.00          0.00
 10            1            0.00          0.00          0.00          0.00          0.00          0.00
 11            1            -14687.00     -5048.00      6.00          -0.01         -1200.00      780800.00
 