
 1             1            -1920.00      -6.00         -30003.00     1200.00       -1200.00      780000.00
 2             1            -14373.00     -6.00         5005.00       1200.00       -1200.00      791000.00
 3             1            -15053.00     -6.00         6255.00       1200.00       -1200.00      925600.00
 4             1            -14939.00     -6.00         6211.00       1100.00       -1100.00      935800.00
 5             1            -15068.00     -6.00         5100.00       1200.00       -1200.00      765200.00
 6             1            -14755.00     -6.00         5056.00       1200.00       -1200.00      775400.00
 7             1            -14863.00     -6.00         5075.00       1200.00       -1200.00      774400.00
 8             1            -14549.00     -6.00         5031.00       1200.00       -1200.00      784600.00
 9             1            -25422.00     -11.00        5091.00       2200.00       -2200.00      755600.00
 10            1            -25109.00     -11.00        5047.00       2200.00       -2200.00      765900.00
 11            1            -14974.00     -6.00         5093.00       1200.00       -1200.00      770400.00
 12            1            -14451.00     -6.00         5020.00       1200.00       -1200.00      787400.00
 13            1            -14229.00     -6.00         4978.00       1200.00       -1200.00      797200.00
 14            1            -15335.00     -6.00         5140.00       1200.00       -1200.00      758400.00
 15            1            -14795.00     -6.00         6184.00       1100.00       -1100.00      942000.00
 16            1            -15900.00     -6.00         6346.00       1100.00       -1100.00      903200.00
 17            1            -14610.00     -6.00         5029.00       1200.00       -1200.00      781600.00
 18            1            -15716.00     -6.00         5191.00       1200.00       -1200.00      742800.00
 19            1            -14404.00     -6.00         5004.00       1200.00       -1200.00      790800.00
 20            1            -15510.00     -6.00         5166.00       1200.00       -1200.00      752000.00
 21            1            -14210.00     -6.00         4975.00       1200.00       -1200.00      797800.00
 22            1            -16053.00     -6.00         5245.00       1200.00       -1200.00      733100.00
 23            1            16397.00      9.00          5090.00       -1900.00      1900.00       815300.00
 24            1            16710.00      9.00          5047.00       -1900.00      1900.00       825500.00
 25            1            15831.00      9.00          6297.00       -2000.00      2000.00       960100.00
 26            1            16144.00      9.00          6253.00       -2000.00      2000.00       970300.00
 27            1            16015.00      9.00          5142.00       -1900.00      1900.00       799700.00
 28            1            16329.00      9.00          5098.00       -1900.00      1900.00       809900.00
 29            1            16221.00      9.00          5117.00       -1900.00      1900.00       808900.00
 30            1            16534.00      9.00          5073.00       -1900.00      1900.00       819100.00
 31            1            26384.00      14.00         5161.00       -2900.00      2900.00       813200.00
 32            1            26697.00      14.00         5117.00       -2900.00      2900.00       823400.00
 33            1            16109.00      9.00          5135.00       -1900.00      1900.00       804900.00
 34            1            16632.00      9.00          5062.00       -1900.00      1900.00       821900.00
 35            1            16855.00      9.00          5020.00       -1900.00      1900.00       831800.00
 36            1            15749.00      9.00          5182.00       -1900.00      1900.00       792900.00
 37            1            16289.00      9.00          6226.00       -2000.00      2000.00       976500.00
 38            1            15183.00      9.00          6388.00       -1900.00      1900.00       937700.00
 39            1            16473.00      9.00          5071.00       -1900.00      1900.00       816100.00
 40            1            15367.00      9.00          5233.00       -1900.00      1900.00       777300.00
 41            1            16679.00      9.00          5046.00       -1900.00      1900.00       825300.00
 42            1            15573.00      9.00          5208.00       -1900.00      1900.00       786500.00
 43            1            26842.00      14.00         5090.00       -2900.00      2900.00       829600.00
 44            1            25736.00      14.00         5252.00       -2900.00      2900.00       790800.00
 45            1            16873.00      9.00          5017.00       -1900.00      1900.00       832300.00
 46            1            15030.00      9.00          5287.00       -1900.00      1900.00       767600.00
 47            1            10104.00      1280.00       4724.00       -136200.00    136200.00     949700.00
 48            1            9804.00       -1282.00      4808.00       136400.00     -136400.00    933800.00
 49            1            8197.00       1008.00       4415.00       -107200.00    107200.00     865800.00
 50            1            8056.00       -1010.00      4468.00       107300.00     -107300.00    856700.00
 51            1            6118.00       796.00        4386.00       -84900.00     84900.00      790600.00
 52            1            5787.00       -797.00       4460.00       84900.00      -84900.00     775600.00
 53            1            795.00        110.00        3788.00       -12000.00     12000.00      570400.00
 54            1            596.00        -109.00       3820.00       11600.00      -11600.00     562800.00
 55            1            10186.00      1008.00       5023.00       -107100.00    107100.00     990000.00
 56            1            10045.00      -1011.00      5075.00       107400.00     -107400.00    980900.00
 57            1            8438.00       1280.00       4682.00       -136200.00    136200.00     912900.00
 58            1            8138.00       -1282.00      4766.00       136300.00     -136300.00    897000.00
 59            1            6213.00       109.00        4690.00       -11800.00     11800.00      830600.00
 60            1            6015.00       -110.00       4722.00       11800.00      -11800.00     823000.00
 61            1            1022.00       797.00        4050.00       -85100.00     85100.00      617800.00
 62            1            691.00        -796.00       4123.00       84700.00      -84700.00     602700.00
 63            1            -9547.00      -1278.00      2420.00       135700.00     -135700.00    131500.00
 64            1            -9247.00      1284.00       2336.00       -136900.00    136900.00     147400.00
 65            1            -7641.00      -1007.00      2729.00       106800.00     -106800.00    215400.00
 66            1            -7499.00      1012.00       2676.00       -107800.00    107800.00     224500.00
 67            1            -5561.00      -794.00       2758.00       84400.00      -84400.00     290600.00
 68            1            -5231.00      799.00        2685.00       -85300.00     85300.00      305700.00
 69            1            -238.00       -108.00       3356.00       11600.00      -11600.00     510900.00
 70            1            -40.00        111.00        3324.00       -12100.00     12100.00      518500.00
 71            1            -9306.00      -1006.00      2687.00       106700.00     -106700.00    178600.00
 72            1            -9165.00      1012.00       2634.00       -107800.00    107800.00     187700.00
 73            1            -7558.00      -1279.00      3028.00       135800.00     -135800.00    255700.00
 74            1            -7258.00      1283.00       2943.00       -136800.00    136800.00     271600.00
 75            1            -5334.00      -107.00       3020.00       11400.00      -11400.00     338000.00
 76            1            -5135.00      112.00        2988.00       -12200.00     12200.00      345600.00
 77            1            -143.00       -795.00       3660.00       84600.00      -84600.00     550800.00
 78            1            188.00        798.00        3587.00       -85100.00     85100.00      565900.00
 79            1            6476.00       815.00        4248.00       -86700.00     86700.00      790900.00
 80            1            6282.00       -816.00       4302.00       86700.00      -86700.00     780700.00
 81            1            5258.00       640.00        4047.00       -68100.00     68100.00      737000.00
 82            1            5168.00       -640.00       4080.00       68000.00      -68000.00     731200.00
 83            1            3957.00       510.00        4032.00       -54500.00     54500.00      690100.00
 84            1            3741.00       -511.00       4079.00       54300.00      -54300.00     680300.00
 85            1            580.00        74.00         3646.00       -8200.00      8200.00       549800.00
 86            1            450.00        -73.00        3667.00       7700.00       -7700.00      544800.00
 87            1            6495.00       639.00        4382.00       -68000.00     68000.00      807800.00
 88            1            6405.00       -641.00       4415.00       68000.00      -68000.00     802000.00
 89            1            5381.00       815.00        4160.00       -86800.00     86800.00      758300.00
 90            1            5187.00       -816.00       4214.00       86700.00      -86700.00     748100.00
 91            1            3985.00       74.00         4168.00       -8100.00      8100.00       706800.00
 92            1            3855.00       -74.00        4189.00       7900.00       -7900.00      701800.00
 93            1            694.00        511.00        3756.00       -54600.00     54600.00      571300.00
 94            1            478.00        -510.00       3803.00       54200.00      -54200.00     561500.00
 95            1            -5997.00      -813.00       2760.00       86300.00      -86300.00     269300.00
 96            1            -5803.00      818.00        2706.00       -87200.00     87200.00      279500.00
 97            1            -4780.00      -638.00       2961.00       67600.00      -67600.00     323200.00
 98            1            -4689.00      642.00        2927.00       -68400.00     68400.00      329000.00
 99            1            -3478.00      -509.00       2976.00       54000.00      -54000.00     370100.00
 100           1            -3262.00      512.00        2929.00       -54700.00     54700.00      379900.00
 101           1            -101.00       -73.00        3362.00       7700.00       -7700.00      510400.00
 102           1            29.00         75.00         3341.00       -8200.00      8200.00       515400.00
 103           1            -5874.00      -638.00       2874.00       67600.00      -67600.00     290600.00
 104           1            -5784.00      642.00        2840.00       -68500.00     68500.00      296400.00
 105           1            -4760.00      -813.00       3095.00       86300.00      -86300.00     340100.00
 106           1            -4566.00      817.00        3041.00       -87100.00     87100.00      350300.00
 107           1            -3364.00      -72.00        3087.00       7600.00       -7600.00      391600.00
 108           1            -3234.00      76.00         3066.00       -8300.00      8300.00       396600.00
 109           1            -73.00        -509.00       3499.00       54100.00      -54100.00     527100.00
 110           1            143.00        511.00        3452.00       -54600.00     54600.00      536900.00
 111           1            5187.00       650.00        4090.00       -69200.00     69200.00      735900.00
 112           1            5030.00       -650.00       4133.00       69100.00      -69100.00     727700.00
 113           1            4214.00       509.00        3926.00       -54100.00     54100.00      692600.00
 114           1            4141.00       -508.00       3953.00       53900.00      -53900.00     688000.00
 115           1            3193.00       409.00        3917.00       -43700.00     43700.00      656000.00
 116           1            3018.00       -409.00       3955.00       43500.00      -43500.00     648000.00
 117           1            512.00        63.00         3606.00       -6900.00      6900.00       544100.00
 118           1            405.00        -61.00        3623.00       6500.00       -6500.00      540000.00
 119           1            5195.00       508.00        4187.00       -54100.00     54100.00      747900.00
 120           1            5123.00       -509.00       4214.00       54000.00      -54000.00     743300.00
 121           1            4307.00       650.00        4007.00       -69200.00     69200.00      708200.00
 122           1            4150.00       -650.00       4050.00       69000.00      -69000.00     699900.00
 123           1            3210.00       62.00         4017.00       -6800.00      6800.00       667800.00
 124           1            3103.00       -62.00        4034.00       6600.00       -6600.00      663700.00
 125           1            597.00        410.00        3684.00       -43800.00     43800.00      559700.00
 126           1            421.00        -409.00       3722.00       43400.00      -43400.00     551800.00
 127           1            -4725.00      -648.00       2888.00       68700.00      -68700.00     319600.00
 128           1            -4568.00      652.00        2845.00       -69500.00     69500.00      327900.00
 129           1            -3752.00      -507.00       3052.00       53700.00      -53700.00     363000.00
 130           1            -3680.00      510.00        3025.00       -54400.00     54400.00      367600.00
 131           1            -2732.00      -408.00       3061.00       43300.00      -43300.00     399600.00
 132           1            -2556.00      411.00        3023.00       -44000.00     44000.00      407500.00
 133           1            -50.00        -61.00        3372.00       6400.00       -6400.00      511500.00
 134           1            57.00         63.00         3355.00       -6900.00      6900.00       515600.00
 135           1            -4632.00      -507.00       2969.00       53600.00      -53600.00     335200.00
 136           1            -4559.00      510.00        2942.00       -54400.00     54400.00      339800.00
 137           1            -3744.00      -648.00       3149.00       68800.00      -68800.00     374900.00
 138           1            -3586.00      651.00        3106.00       -69500.00     69500.00      383100.00
 139           1            -2646.00      -60.00        3140.00       6300.00       -6300.00      415300.00
 140           1            -2540.00      63.00         3122.00       -7000.00      7000.00       419400.00
 141           1            -34.00        -408.00       3472.00       43400.00      -43400.00     523300.00
 142           1            142.00        410.00        3434.00       -43900.00     43900.00      531300.00
 143           1            -9728.00      -4.00         3622.00       800.00        -800.00       562300.00
 144           1            -9519.00      -4.00         3593.00       800.00        -800.00       569100.00
 145           1            10994.00      6.00          3650.00       -1300.00      1300.00       585300.00
 146           1            11203.00      6.00          3621.00       -1300.00      1300.00       592100.00
 147           1            -10105.00     -4.00         4426.00       700.00        -700.00       658800.00
 148           1            -9896.00      -4.00         4397.00       700.00        -700.00       665600.00
 149           1            10617.00      6.00          4454.00       -1300.00      1300.00       681800.00
 150           1            10826.00      6.00          4425.00       -1300.00      1300.00       688700.00
 151           1            -9982.00      -4.00         3656.00       800.00        -800.00       551900.00
 152           1            -9773.00      -4.00         3627.00       800.00        -800.00       558700.00
 153           1            10740.00      6.00          3685.00       -1300.00      1300.00       574900.00
 154           1            10949.00      6.00          3655.00       -1300.00      1300.00       581700.00
 155           1            -9845.00      -4.00         3640.00       800.00        -800.00       558000.00
 156           1            -9636.00      -4.00         3610.00       800.00        -800.00       564800.00
 157           1            10877.00      6.00          3668.00       -1300.00      1300.00       581100.00
 158           1            11086.00      6.00          3639.00       -1300.00      1300.00       587900.00
 159           1            -16885.00     -7.00         3650.00       1500.00       -1500.00      545500.00
 160           1            -16676.00     -7.00         3621.00       1400.00       -1400.00      552300.00
 161           1            17652.00      9.00          3697.00       -2000.00      2000.00       583900.00
 162           1            17861.00      9.00          3668.00       -2000.00      2000.00       590700.00
 163           1            -9919.00      -4.00         3652.00       800.00        -800.00       555400.00
 164           1            -9571.00      -4.00         3603.00       800.00        -800.00       566700.00
 165           1            10803.00      6.00          3680.00       -1300.00      1300.00       578400.00
 166           1            11151.00      6.00          3631.00       -1300.00      1300.00       589700.00
 167           1            -9422.00      -4.00         3575.00       800.00        -800.00       573300.00
 168           1            -10160.00     -4.00         3683.00       800.00        -800.00       547400.00
 169           1            11300.00      6.00          3603.00       -1300.00      1300.00       596300.00
 170           1            10563.00      6.00          3711.00       -1300.00      1300.00       570400.00
 171           1            -9800.00      -4.00         4379.00       700.00        -700.00       669800.00
 172           1            -10537.00     -4.00         4487.00       700.00        -700.00       643900.00
 173           1            10923.00      6.00          4407.00       -1300.00      1300.00       692800.00
 174           1            10185.00      6.00          4515.00       -1300.00      1300.00       666900.00
 175           1            -9677.00      -4.00         3609.00       800.00        -800.00       562800.00
 176           1            -10414.00     -4.00         3717.00       800.00        -800.00       537000.00
 177           1            11045.00      6.00          3637.00       -1300.00      1300.00       585800.00
 178           1            10308.00      6.00          3745.00       -1300.00      1300.00       560000.00
 179           1            -9540.00      -4.00         3593.00       800.00        -800.00       569000.00
 180           1            -10277.00     -4.00         3701.00       800.00        -800.00       543100.00
 181           1            11183.00      6.00          3621.00       -1300.00      1300.00       592000.00
 182           1            10445.00      6.00          3729.00       -1300.00      1300.00       566100.00
 183           1            -16579.00     -7.00         3603.00       1400.00       -1400.00      556500.00
 184           1            -17317.00     -7.00         3711.00       1500.00       -1500.00      530600.00
 185           1            17958.00      9.00          3650.00       -2000.00      2000.00       594900.00
 186           1            17221.00      9.00          3758.00       -2000.00      2000.00       569000.00
 187           1            -9410.00      -4.00         3573.00       800.00        -800.00       573600.00
 188           1            -10639.00     -4.00         3753.00       800.00        -800.00       530500.00
 189           1            11312.00      6.00          3601.00       -1300.00      1300.00       596600.00
 190           1            10083.00      6.00          3781.00       -1300.00      1300.00       553500.00
 191           1            166.00        1.00          3707.00       -200.00       200.00        557100.00
 192           1            207.00        1.00          3450.00       -200.00       200.00        521500.00
 193           1            262.00        1.00          3443.00       -200.00       200.00        523800.00
 194           1            -8425.00      -3.00         3439.00       600.00        -600.00       512300.00
 195           1            8843.00       5.00          3463.00       -1100.00      1100.00       531500.00
 196           1            238.00        1.00          3447.00       -200.00       200.00        523000.00
 197           1            308.00        1.00          3437.00       -200.00       200.00        525200.00
 198           1            340.00        1.00          3431.00       -200.00       200.00        526600.00
 199           1            94.00         1.00          3467.00       -200.00       200.00        518000.00
 200           1            209.00        1.00          3451.00       -200.00       200.00        521900.00
 201           1            10186.00      -1282.00      5075.00       136400.00     -136400.00    990000.00
 202           1            26842.00      -11.00        6388.00       2200.00       -2200.00      976500.00
 203           1            26842.00      -1282.00      6388.00       136400.00     -136400.00    990000.00
 204           1            6495.00       -816.00       4415.00       86700.00      -86700.00     807800.00
 205           1            17958.00      -7.00         4515.00       1500.00       -1500.00      692800.00
 206           1            5195.00       -650.00       4214.00       69100.00      -69100.00     747900.00
 207           1            17958.00      -816.00       4515.00       86700.00      -86700.00     807800.00
 208           1            -9547.00      1284.00       2336.00       -136900.00    136900.00     131500.00
 209           1            -25422.00     14.00         4975.00       -2900.00      2900.00       733100.00
 210           1            -25422.00     1284.00       2336.00       -136900.00    136900.00     131500.00
 211           1            -5997.00      818.00        2706.00       -87200.00     87200.00      269300.00
 212           1            -17317.00     9.00          3431.00       -2000.00      2000.00       512300.00
 213           1            -4725.00      652.00        2845.00       -69500.00     69500.00      319600.00
 214           1            -17317.00     818.00        2706.00       -87200.00     87200.00      269300.00
 215           1            10186.00      1284.00       5075.00       -136900.00    136900.00     990000.00
 216           1            26842.00      14.00         6388.00       -2900.00      2900.00       976500.00
 217           1            26842.00      1284.00       6388.00       -136900.00    136900.00     990000.00
 218           1            6495.00       818.00        4415.00       -87200.00     87200.00      807800.00
 219           1            17958.00      9.00          4515.00       -2000.00      2000.00       692800.00
 220           1            5195.00       652.00        4214.00       -69500.00     69500.00      747900.00
 221           1            17958.00      818.00        4515.00       -87200.00     87200.00      807800.00
 222           1            -14607.00     -6.00         5195.00       1200.00       -1200.00      807000.00
 223           1            -14293.00     -6.00         5151.00       1200.00       -1200.00      817200.00
 224           1            -15173.00     -6.00         6402.00       1100.00       -1100.00      951800.00
 225           1            -14859.00     -6.00         6358.00       1100.00       -1100.00      962000.00
 226           1            -14988.00     -6.00         5247.00       1200.00       -1200.00      791400.00
 227           1            -14675.00     -6.00         5203.00       1200.00       -1200.00      801600.00
 228           1            -14783.00     -6.00         5221.00       1200.00       -1200.00      800600.00
 229           1            -14469.00     -6.00         5178.00       1200.00       -1200.00      810800.00
 230           1            -25342.00     -11.00        5237.00       2200.00       -2200.00      781900.00
 231           1            -25028.00     -11.00        5193.00       2200.00       -2200.00      792100.00
 232           1            -14894.00     -6.00         5239.00       1200.00       -1200.00      796600.00
 233           1            -14371.00     -6.00         5166.00       1200.00       -1200.00      813600.00
 234           1            -14149.00     -6.00         5124.00       1100.00       -1100.00      823400.00
 235           1            -15254.00     -6.00         5286.00       1200.00       -1200.00      784600.00
 236           1            -14714.00     -6.00         6331.00       1100.00       -1100.00      968200.00
 237           1            -15820.00     -6.00         6493.00       1100.00       -1100.00      929400.00
 238           1            -14530.00     -6.00         5176.00       1200.00       -1200.00      807800.00
 239           1            -15636.00     -6.00         5338.00       1200.00       -1200.00      769000.00
 240           1            -14324.00     -6.00         5151.00       1200.00       -1200.00      817000.00
 241           1            -15430.00     -6.00         5313.00       1200.00       -1200.00      778200.00
 242           1            -14130.00     -6.00         5121.00       1200.00       -1200.00      824000.00
 243           1            -15973.00     -6.00         5392.00       1200.00       -1200.00      759300.00
 244           1            16477.00      9.00          5237.00       -1900.00      1900.00       841600.00
 245           1            16790.00      9.00          5193.00       -1900.00      1900.00       851800.00
 246           1            15911.00      9.00          6444.00       -2000.00      2000.00       986300.00
 247           1            16224.00      9.00          6400.00       -2000.00      2000.00       996500.00
 248           1            16095.00      9.00          5289.00       -1900.00      1900.00       825900.00
 249           1            16409.00      9.00          5245.00       -1900.00      1900.00       836100.00
 250           1            16301.00      9.00          5264.00       -1900.00      1900.00       835100.00
 251           1            16614.00      9.00          5220.00       -1900.00      1900.00       845300.00
 252           1            26464.00      14.00         5307.00       -2900.00      2900.00       839400.00
 253           1            26777.00      14.00         5264.00       -2900.00      2900.00       849600.00
 254           1            16190.00      9.00          5281.00       -1900.00      1900.00       831100.00
 255           1            16712.00      9.00          5208.00       -1900.00      1900.00       848200.00
 256           1            16935.00      9.00          5166.00       -1900.00      1900.00       858000.00
 257           1            15829.00      9.00          5328.00       -1900.00      1900.00       819200.00
 258           1            16369.00      9.00          6373.00       -2000.00      2000.00       1002700.00
 259           1            15263.00      9.00          6535.00       -1900.00      1900.00       963900.00
 260           1            16553.00      9.00          5218.00       -1900.00      1900.00       842300.00
 261           1            15448.00      9.00          5380.00       -1900.00      1900.00       803500.00
 262           1            16759.00      9.00          5193.00       -1900.00      1900.00       851600.00
 263           1            15653.00      9.00          5355.00       -1900.00      1900.00       812800.00
 264           1            26922.00      14.00         5237.00       -2900.00      2900.00       855800.00
 265           1            25816.00      14.00         5399.00       -2900.00      2900.00       817000.00
 266           1            16953.00      9.00          5163.00       -1900.00      1900.00       858500.00
 267           1            15110.00      9.00          5434.00       -1900.00      1900.00       793800.00
 268           1            10104.00      1280.00       4724.00       -136200.00    136200.00     949700.00
 269           1            9804.00       -1282.00      4808.00       136400.00     -136400.00    933800.00
 270           1            8197.00       1008.00       4415.00       -107200.00    107200.00     865800.00
 271           1            8056.00       -1010.00      4468.00       107300.00     -107300.00    856700.00
 272           1            6118.00       796.00        4386.00       -84900.00     84900.00      790600.00
 273           1            5787.00       -797.00       4460.00       84900.00      -84900.00     775600.00
 274           1            795.00        110.00        3788.00       -12000.00     12000.00      570400.00
 275           1            596.00        -109.00       3820.00       11600.00      -11600.00     562800.00
 276           1            10186.00      1008.00       5023.00       -107100.00    107100.00     990000.00
 277           1            10045.00      -1011.00      5075.00       107400.00     -107400.00    980900.00
 278           1            8438.00       1280.00       4682.00       -136200.00    136200.00     912900.00
 279           1            8138.00       -1282.00      4766.00       136300.00     -136300.00    897000.00
 280           1            6213.00       109.00        4690.00       -11800.00     11800.00      830600.00
 281           1            6015.00       -110.00       4722.00       11800.00      -11800.00     823000.00
 282           1            1022.00       797.00        4050.00       -85100.00     85100.00      617800.00
 283           1            691.00        -796.00       4123.00       84700.00      -84700.00     602700.00
 284           1            -9547.00      -1278.00      2420.00       135700.00     -135700.00    131500.00
 285           1            -9247.00      1284.00       2336.00       -136900.00    136900.00     147400.00
 286           1            -7641.00      -1007.00      2729.00       106800.00     -106800.00    215400.00
 287           1            -7499.00      1012.00       2676.00       -107800.00    107800.00     224500.00
 288           1            -5561.00      -794.00       2758.00       84400.00      -84400.00     290600.00
 289           1            -5231.00      799.00        2685.00       -85300.00     85300.00      305700.00
 290           1            -238.00       -108.00       3356.00       11600.00      -11600.00     510900.00
 291           1            -40.00        111.00        3324.00       -12100.00     12100.00      518500.00
 292           1            -9306.00      -1006.00      2687.00       106700.00     -106700.00    178600.00
 293           1            -9165.00      1012.00       2634.00       -107800.00    107800.00     187700.00
 294           1            -7558.00      -1279.00      3028.00       135800.00     -135800.00    255700.00
 295           1            -7258.00      1283.00       2943.00       -136800.00    136800.00     271600.00
 296           1            -5334.00      -107.00       3020.00       11400.00      -11400.00     338000.00
 297           1            -5135.00      112.00        2988.00       -12200.00     12200.00      345600.00
 298           1            -143.00       -795.00       3660.00       84600.00      -84600.00     550800.00
 299           1            188.00        798.00        3587.00       -85100.00     85100.00      565900.00
 300           1            6476.00       815.00        4248.00       -86700.00     86700.00      790900.00
 301           1            6282.00       -816.00       4302.00       86700.00      -86700.00     780700.00
 302           1            5258.00       640.00        4047.00       -68100.00     68100.00      737000.00
 303           1            5168.00       -640.00       4080.00       68000.00      -68000.00     731200.00
 304           1            3957.00       510.00        4032.00       -54500.00     54500.00      690100.00
 305           1            3741.00       -511.00       4079.00       54300.00      -54300.00     680300.00
 306           1            580.00        74.00         3646.00       -8200.00      8200.00       549800.00
 307           1            450.00        -73.00        3667.00       7700.00       -7700.00      544800.00
 308           1            6495.00       639.00        4382.00       -68000.00     68000.00      807800.00
 309           1            6405.00       -641.00       4415.00       68000.00      -68000.00     802000.00
 310           1            5381.00       815.00        4160.00       -86800.00     86800.00      758300.00
 311           1            5187.00       -816.00       4214.00       86700.00      -86700.00     748100.00
 312           1            3985.00       74.00         4168.00       -8100.00      8100.00       706800.00
 313           1            3855.00       -74.00        4189.00       7900.00       -7900.00      701800.00
 314           1            694.00        511.00        3756.00       -54600.00     54600.00      571300.00
 315           1            478.00        -510.00       3803.00       54200.00      -54200.00     561500.00
 316           1            -5997.00      -813.00       2760.00       86300.00      -86300.00     269300.00
 317           1            -5803.00      818.00        2706.00       -87200.00     87200.00      279500.00
 318           1            -4780.00      -638.00       2961.00       67600.00      -67600.00     323200.00
 319           1            -4689.00      642.00        2927.00       -68400.00     68400.00      329000.00
 320           1            -3478.00      -509.00       2976.00       54000.00      -54000.00     370100.00
 321           1            -3262.00      512.00        2929.00       -54700.00     54700.00      379900.00
 322           1            -101.00       -73.00        3362.00       7700.00       -7700.00      510400.00
 323           1            29.00         75.00         3341.00       -8200.00      8200.00       515400.00
 324           1            -5874.00      -638.00       2874.00       67600.00      -67600.00     290600.00
 325           1            -5784.00      642.00        2840.00       -68500.00     68500.00      296400.00
 326           1            -4760.00      -813.00       3095.00       86300.00      -86300.00     340100.00
 327           1            -4566.00      817.00        3041.00       -87100.00     87100.00      350300.00
 328           1            -3364.00      -72.00        3087.00       7600.00       -7600.00      391600.00
 329           1            -3234.00      76.00         3066.00       -8300.00      8300.00       396600.00
 330           1            -73.00        -509.00       3499.00       54100.00      -54100.00     527100.00
 331           1            143.00        511.00        3452.00       -54600.00     54600.00      536900.00
 332           1            -9728.00      -4.00         3622.00       800.00        -800.00       562300.00
 333           1            -9519.00      -4.00         3593.00       800.00        -800.00       569100.00
 334           1            10994.00      6.00          3650.00       -1300.00      1300.00       585300.00
 335           1            11203.00      6.00          3621.00       -1300.00      1300.00       592100.00
 336           1            -10105.00     -4.00         4426.00       700.00        -700.00       658800.00
 337           1            -9896.00      -4.00         4397.00       700.00        -700.00       665600.00
 338           1            10617.00      6.00          4454.00       -1300.00      1300.00       681800.00
 339           1            10826.00      6.00          4425.00       -1300.00      1300.00       688700.00
 340           1            -9982.00      -4.00         3656.00       800.00        -800.00       551900.00
 341           1            -9773.00      -4.00         3627.00       800.00        -800.00       558700.00
 342           1            10740.00      6.00          3685.00       -1300.00      1300.00       574900.00
 343           1            10949.00      6.00          3655.00       -1300.00      1300.00       581700.00
 344           1            -9845.00      -4.00         3640.00       800.00        -800.00       558000.00
 345           1            -9636.00      -4.00         3610.00       800.00        -800.00       564800.00
 346           1            10877.00      6.00          3668.00       -1300.00      1300.00       581100.00
 347           1            11086.00      6.00          3639.00       -1300.00      1300.00       587900.00
 348           1            -16885.00     -7.00         3650.00       1500.00       -1500.00      545500.00
 349           1            -16676.00     -7.00         3621.00       1400.00       -1400.00      552300.00
 350           1            17652.00      9.00          3697.00       -2000.00      2000.00       583900.00
 351           1            17861.00      9.00          3668.00       -2000.00      2000.00       590700.00
 352           1            -9919.00      -4.00         3652.00       800.00        -800.00       555400.00
 353           1            -9571.00      -4.00         3603.00       800.00        -800.00       566700.00
 354           1            10803.00      6.00          3680.00       -1300.00      1300.00       578400.00
 355           1            11151.00      6.00          3631.00       -1300.00      1300.00       589700.00
 356           1            -9422.00      -4.00         3575.00       800.00        -800.00       573300.00
 357           1            -10160.00     -4.00         3683.00       800.00        -800.00       547400.00
 358           1            11300.00      6.00          3603.00       -1300.00      1300.00       596300.00
 359           1            10563.00      6.00          3711.00       -1300.00      1300.00       570400.00
 360           1            -9800.00      -4.00         4379.00       700.00        -700.00       669800.00
 361           1            -10537.00     -4.00         4487.00       700.00        -700.00       643900.00
 362           1            10923.00      6.00          4407.00       -1300.00      1300.00       692800.00
 363           1            10185.00      6.00          4515.00       -1300.00      1300.00       666900.00
 364           1            -9677.00      -4.00         3609.00       800.00        -800.00       562800.00
 365           1            -10414.00     -4.00         3717.00       800.00        -800.00       537000.00
 366           1            11045.00      6.00          3637.00       -1300.00      1300.00       585800.00
 367           1            10308.00      6.00          3745.00       -1300.00      1300.00       560000.00
 368           1            -9540.00      -4.00         3593.00       800.00        -800.00       569000.00
 369           1            -10277.00     -4.00         3701.00       800.00        -800.00       543100.00
 370           1            11183.00      6.00          3621.00       -1300.00      1300.00       592000.00
 371           1            10445.00      6.00          3729.00       -1300.00      1300.00       566100.00
 372           1            -16579.00     -7.00         3603.00       1400.00       -1400.00      556500.00
 373           1            -17317.00     -7.00         3711.00       1500.00       -1500.00      530600.00
 374           1            17958.00      9.00          3650.00       -2000.00      2000.00       594900.00
 375           1            17221.00      9.00          3758.00       -2000.00      2000.00       569000.00
 376           1            -9410.00      -4.00         3573.00       800.00        -800.00       573600.00
 377           1            -10639.00     -4.00         3753.00       800.00        -800.00       530500.00
 378           1            11312.00      6.00          3601.00       -1300.00      1300.00       596600.00
 379           1            10083.00      6.00          3781.00       -1300.00      1300.00       553500.00
 380           1            166.00        1.00          3707.00       -200.00       200.00        557100.00
 381           1            207.00        1.00          3450.00       -200.00       200.00        521500.00
 382           1            262.00        1.00          3443.00       -200.00       200.00        523800.00
 383           1            -8425.00      -3.00         3439.00       600.00        -600.00       512300.00
 384           1            8843.00       5.00          3463.00       -1100.00      1100.00       531500.00
 385           1            238.00        1.00          3447.00       -200.00       200.00        523000.00
 386           1            308.00        1.00          3437.00       -200.00       200.00        525200.00
 387           1            340.00        1.00          3431.00       -200.00       200.00        526600.00
 388           1            94.00         1.00          3467.00       -200.00       200.00        518000.00
 389           1            209.00        1.00          3451.00       -200.00       200.00        521900.00
 390           1            -14607.00     -6.00         5195.00       1200.00       -1200.00      807000.00
 391           1            -14293.00     -6.00         5151.00       1200.00       -1200.00      817200.00
 392           1            -15173.00     -6.00         6402.00       1100.00       -1100.00      951800.00
 393           1            -14859.00     -6.00         6358.00       1100.00       -1100.00      962000.00
 394           1            -14988.00     -6.00         5247.00       1200.00       -1200.00      791400.00
 395           1            -14675.00     -6.00         5203.00       1200.00       -1200.00      801600.00
 396           1            -14783.00     -6.00         5221.00       1200.00       -1200.00      800600.00
 397           1            -14469.00     -6.00         5178.00       1200.00       -1200.00      810800.00
 398           1            -25342.00     -11.00        5237.00       2200.00       -2200.00      781900.00
 399           1            -25028.00     -11.00        5193.00       2200.00       -2200.00      792100.00
 400           1            -14894.00     -6.00         5239.00       1200.00       -1200.00      796600.00
 401           1            -14371.00     -6.00         5166.00       1200.00       -1200.00      813600.00
 402           1            -14149.00     -6.00         5124.00       1100.00       -1100.00      823400.00
 403           1            -15254.00     -6.00         5286.00       1200.00       -1200.00      784600.00
 404           1            -14714.00     -6.00         6331.00       1100.00       -1100.00      968200.00
 405           1            -15820.00     -6.00         6493.00       1100.00       -1100.00      929400.00
 406           1            -14530.00     -6.00         5176.00       1200.00       -1200.00      807800.00
 407           1            -15636.00     -6.00         5338.00       1200.00       -1200.00      769000.00
 408           1            -14324.00     -6.00         5151.00       1200.00       -1200.00      817000.00
 409           1            -15430.00     -6.00         5313.00       1200.00       -1200.00      778200.00
 410           1            -14130.00     -6.00         5121.00       1200.00       -1200.00      824000.00
 411           1            -15973.00     -6.00         5392.00       1200.00       -1200.00      759300.00
 412           1            16477.00      9.00          5237.00       -1900.00      1900.00       841600.00
 413           1            16790.00      9.00          5193.00       -1900.00      1900.00       851800.00
 414           1            15911.00      9.00          6444.00       -2000.00      2000.00       986300.00
 415           1            16224.00      9.00          6400.00       -2000.00      2000.00       996500.00
 416           1            16095.00      9.00          5289.00       -1900.00      1900.00       825900.00
 417           1            16409.00      9.00          5245.00       -1900.00      1900.00       836100.00
 418           1            16301.00      9.00          5264.00       -1900.00      1900.00       835100.00
 419           1            16614.00      9.00          5220.00       -1900.00      1900.00       845300.00
 420           1            26464.00      14.00         5307.00       -2900.00      2900.00       839400.00
 421           1            26777.00      14.00         5264.00       -2900.00      2900.00       849600.00
 422           1            16190.00      9.00          5281.00       -1900.00      1900.00       831100.00
 423           1            16712.00      9.00          5208.00       -1900.00      1900.00       848200.00
 424           1            16935.00      9.00          5166.00       -1900.00      1900.00       858000.00
 425           1            15829.00      9.00          5328.00       -1900.00      1900.00       819200.00
 426           1            16369.00      9.00          6373.00       -2000.00      2000.00       1002700.00
 427           1            15263.00      9.00          6535.00       -1900.00      1900.00       963900.00
 428           1            16553.00      9.00          5218.00       -1900.00      1900.00       842300.00
 429           1            15448.00      9.00          5380.00       -1900.00      1900.00       803500.00
 430           1            16759.00      9.00          5193.00       -1900.00      1900.00       851600.00
 431           1            15653.00      9.00          5355.00       -1900.00      1900.00       812800.00
 432           1            26922.00      14.00         5237.00       -2900.00      2900.00       855800.00
 433           1            25816.00      14.00         5399.00       -2900.00      2900.00       817000.00
 434           1            16953.00      9.00          5163.00       -1900.00      1900.00       858500.00
 435           1            15110.00      9.00          5434.00       -1900.00      1900.00       793800.00
 436           1            10104.00      1280.00       4724.00       -136200.00    136200.00     949700.00
 437           1            9804.00       -1282.00      4808.00       136400.00     -136400.00    933800.00
 438           1            8197.00       1008.00       4415.00       -107200.00    107200.00     865800.00
 439           1            8056.00       -1010.00      4468.00       107300.00     -107300.00    856700.00
 440           1            6118.00       796.00        4386.00       -84900.00     84900.00      790600.00
 441           1            5787.00       -797.00       4460.00       84900.00      -84900.00     775600.00
 442           1            795.00        110.00        3788.00       -12000.00     12000.00      570400.00
 443           1            596.00        -109.00       3820.00       11600.00      -11600.00     562800.00
 444           1            10186.00      1008.00       5023.00       -107100.00    107100.00     990000.00
 445           1            10045.00      -1011.00      5075.00       107400.00     -107400.00    980900.00
 446           1            8438.00       1280.00       4682.00       -136200.00    136200.00     912900.00
 447           1            8138.00       -1282.00      4766.00       136300.00     -136300.00    897000.00
 448           1            6213.00       109.00        4690.00       -11800.00     11800.00      830600.00
 449           1            6015.00       -110.00       4722.00       11800.00      -11800.00     823000.00
 450           1            1022.00       797.00        4050.00       -85100.00     85100.00      617800.00
 451           1            691.00        -796.00       4123.00       84700.00      -84700.00     602700.00
 452           1            -9547.00      -1278.00      2420.00       135700.00     -135700.00    131500.00
 453           1            -9247.00      1284.00       2336.00       -136900.00    136900.00     147400.00
 454           1            -7641.00      -1007.00      2729.00       106800.00     -106800.00    215400.00
 455           1            -7499.00      1012.00       2676.00       -107800.00    107800.00     224500.00
 456           1            -5561.00      -794.00       2758.00       84400.00      -84400.00     290600.00
 457           1            -5231.00      799.00        2685.00       -85300.00     85300.00      305700.00
 458           1            -238.00       -108.00       3356.00       11600.00      -11600.00     510900.00
 459           1            -40.00        111.00        3324.00       -12100.00     12100.00      518500.00
 460           1            -9306.00      -1006.00      2687.00       106700.00     -106700.00    178600.00
 461           1            -9165.00      1012.00       2634.00       -107800.00    107800.00     187700.00
 462           1            -7558.00      -1279.00      3028.00       135800.00     -135800.00    255700.00
 463           1            -7258.00      1283.00       2943.00       -136800.00    136800.00     271600.00
 464           1            -5334.00      -107.00       3020.00       11400.00      -11400.00     338000.00
 465           1            -5135.00      112.00        2988.00       -12200.00     12200.00      345600.00
 466           1            -143.00       -795.00       3660.00       84600.00      -84600.00     550800.00
 467           1            188.00        798.00        3587.00       -85100.00     85100.00      565900.00
 468           1            6476.00       815.00        4248.00       -86700.00     86700.00      790900.00
 469           1            6282.00       -816.00       4302.00       86700.00      -86700.00     780700.00
 470           1            5258.00       640.00        4047.00       -68100.00     68100.00      737000.00
 471           1            5168.00       -640.00       4080.00       68000.00      -68000.00     731200.00
 472           1            3957.00       510.00        4032.00       -54500.00     54500.00      690100.00
 473           1            3741.00       -511.00       4079.00       54300.00      -54300.00     680300.00
 474           1            580.00        74.00         3646.00       -8200.00      8200.00       549800.00
 475           1            450.00        -73.00        3667.00       7700.00       -7700.00      544800.00
 476           1            6495.00       639.00        4382.00       -68000.00     68000.00      807800.00
 477           1            6405.00       -641.00       4415.00       68000.00      -68000.00     802000.00
 478           1            5381.00       815.00        4160.00       -86800.00     86800.00      758300.00
 479           1            5187.00       -816.00       4214.00       86700.00      -86700.00     748100.00
 480           1            3985.00       74.00         4168.00       -8100.00      8100.00       706800.00
 481           1            3855.00       -74.00        4189.00       7900.00       -7900.00      701800.00
 482           1            694.00        511.00        3756.00       -54600.00     54600.00      571300.00
 483           1            478.00        -510.00       3803.00       54200.00      -54200.00     561500.00
 484           1            -5997.00      -813.00       2760.00       86300.00      -86300.00     269300.00
 485           1            -5803.00      818.00        2706.00       -87200.00     87200.00      279500.00
 486           1            -4780.00      -638.00       2961.00       67600.00      -67600.00     323200.00
 487           1            -4689.00      642.00        2927.00       -68400.00     68400.00      329000.00
 488           1            -3478.00      -509.00       2976.00       54000.00      -54000.00     370100.00
 489           1            -3262.00      512.00        2929.00       -54700.00     54700.00      379900.00
 490           1            -101.00       -73.00        3362.00       7700.00       -7700.00      510400.00
 491           1            29.00         75.00         3341.00       -8200.00      8200.00       515400.00
 492           1            -5874.00      -638.00       2874.00       67600.00      -67600.00     290600.00
 493           1            -5784.00      642.00        2840.00       -68500.00     68500.00      296400.00
 494           1            -4760.00      -813.00       3095.00       86300.00      -86300.00     340100.00
 495           1            -4566.00      817.00        3041.00       -87100.00     87100.00      350300.00
 496           1            -3364.00      -72.00        3087.00       7600.00       -7600.00      391600.00
 497           1            -3234.00      76.00         3066.00       -8300.00      8300.00       396600.00
 498           1            -73.00        -509.00       3499.00       54100.00      -54100.00     527100.00
 499           1            143.00        511.00        3452.00       -54600.00     54600.00      536900.00
 500           1            -9728.00      -4.00         3622.00       800.00        -800.00       562300.00
 501           1            -9519.00      -4.00         3593.00       800.00        -800.00       569100.00
 502           1            10994.00      6.00          3650.00       -1300.00      1300.00       585300.00
 503           1            11203.00      6.00          3621.00       -1300.00      1300.00       592100.00
 504           1            -10105.00     -4.00         4426.00       700.00        -700.00       658800.00
 505           1            -9896.00      -4.00         4397.00       700.00        -700.00       665600.00
 506           1            10617.00      6.00          4454.00       -1300.00      1300.00       681800.00
 507           1            10826.00      6.00          4425.00       -1300.00      1300.00       688700.00
 508           1            -9982.00      -4.00         3656.00       800.00        -800.00       551900.00
 509           1            -9773.00      -4.00         3627.00       800.00        -800.00       558700.00
 510           1            10740.00      6.00          3685.00       -1300.00      1300.00       574900.00
 511           1            10949.00      6.00          3655.00       -1300.00      1300.00       581700.00
 512           1            -9845.00      -4.00         3640.00       800.00        -800.00       558000.00
 513           1            -9636.00      -4.00         3610.00       800.00        -800.00       564800.00
 514           1            10877.00      6.00          3668.00       -1300.00      1300.00       581100.00
 515           1            11086.00      6.00          3639.00       -1300.00      1300.00       587900.00
 516           1            -16885.00     -7.00         3650.00       1500.00       -1500.00      545500.00
 517           1            -16676.00     -7.00         3621.00       1400.00       -1400.00      552300.00
 518           1            17652.00      9.00          3697.00       -2000.00      2000.00       583900.00
 519           1            17861.00      9.00          3668.00       -2000.00      2000.00       590700.00
 520           1            -9919.00      -4.00         3652.00       800.00        -800.00       555400.00
 521           1            -9571.00      -4.00         3603.00       800.00        -800.00       566700.00
 522           1            10803.00      6.00          3680.00       -1300.00      1300.00       578400.00
 523           1            11151.00      6.00          3631.00       -1300.00      1300.00       589700.00
 524           1            -9422.00      -4.00         3575.00       800.00        -800.00       573300.00
 525           1            -10160.00     -4.00         3683.00       800.00        -800.00       547400.00
 526           1            11300.00      6.00          3603.00       -1300.00      1300.00       596300.00
 527           1            10563.00      6.00          3711.00       -1300.00      1300.00       570400.00
 528           1            -9800.00      -4.00         4379.00       700.00        -700.00       669800.00
 529           1            -10537.00     -4.00         4487.00       700.00        -700.00       643900.00
 530           1            10923.00      6.00          4407.00       -1300.00      1300.00       692800.00
 531           1            10185.00      6.00          4515.00       -1300.00      1300.00       666900.00
 532           1            -9677.00      -4.00         3609.00       800.00        -800.00       562800.00
 533           1            -10414.00     -4.00         3717.00       800.00        -800.00       537000.00
 534           1            11045.00      6.00          3637.00       -1300.00      1300.00       585800.00
 535           1            10308.00      6.00          3745.00       -1300.00      1300.00       560000.00
 536           1            -9540.00      -4.00         3593.00       800.00        -800.00       569000.00
 537           1            -10277.00     -4.00         3701.00       800.00        -800.00       543100.00
 538           1            11183.00      6.00          3621.00       -1300.00      1300.00       592000.00
 539           1            10445.00      6.00          3729.00       -1300.00      1300.00       566100.00
 540           1            -16579.00     -7.00         3603.00       1400.00       -1400.00      556500.00
 541           1            -17317.00     -7.00         3711.00       1500.00       -1500.00      530600.00
 542           1            17958.00      9.00          3650.00       -2000.00      2000.00       594900.00
 543           1            17221.00      9.00          3758.00       -2000.00      2000.00       569000.00
 544           1            -9410.00      -4.00         3573.00       800.00        -800.00       573600.00
 545           1            -10639.00     -4.00         3753.00       800.00        -800.00       530500.00
 546           1            11312.00      6.00          3601.00       -1300.00      1300.00       596600.00
 547           1            10083.00      6.00          3781.00       -1300.00      1300.00       553500.00
 548           1            166.00        1.00          3707.00       -200.00       200.00        557100.00
 549           1            207.00        1.00          3450.00       -200.00       200.00        521500.00
 550           1            262.00        1.00          3443.00       -200.00       200.00        523800.00
 551           1            -8425.00      -3.00         3439.00       600.00        -600.00       512300.00
 552           1            8843.00       5.00          3463.00       -1100.00      1100.00       531500.00
 553           1            238.00        1.00          3447.00       -200.00       200.00        523000.00
 554           1            308.00        1.00          3437.00       -200.00       200.00        525200.00
 555           1            340.00        1.00          3431.00       -200.00       200.00        526600.00
 556           1            94.00         1.00          3467.00       -200.00       200.00        518000.00
 557           1            209.00        1.00          3451.00       -200.00       200.00        521900.00
